1000
199
589
892
-840
-384
591
470
-99
772
-661
200
-209
-175
977
-37
961
-914
-945
-189
-986
37
860
-287
-996
635
-78
-429
-765
961
294
-634
424
387
-988
300
323
-3
187
616
953
-338
-445
261
127
-508
-410
-170
476
215
818
905
921
594
554
-491
-713
555
-141
115
877
68
-510
-903
797
-6
-688
208
258
747
199
-329
-567
373
187
160
296
-583
280
-199
303
62
-253
-939
314
545
-960
201
80
-246
-640
-93
-533
-918
853
-333
-540
17
-604
302
858
29
-668
-905
-81
428
-887
-898
-865
322
376
-395
-18
-58
-537
-947
-243
295
115
480
-695
188
-628
887
112
-344
129
-181
-896
-724
-956
712
606
-521
633
-66
592
-487
-800
-655
-792
-603
-83
529
-547
-572
-640
148
551
566
918
-306
-985
36
235
-717
-351
-175
698
515
-921
-433
-908
196
67
-499
-776
-146
608
-2
-940
815
566
-475
-247
-690
496
-68
420
-595
-740
740
-514
456
46
-313
226
891
321
233
-858
95
-197
669
-520
116
620
-860
-106
-517
-221
176
778
-310
93
791
96
-365
107
226
-58
990
990
-635
351
-654
-478
-311
-749
899
68
-459
-329
501
-334
-164
-156
-626
845
-705
935
-710
829
-189
740
680
370
-995
936
-622
322
-278
218
746
51
-949
12
-337
-377
750
-588
415
-753
-232
289
998
942
782
-211
549
155
34
-770
126
-750
-550
264
-741
-232
-435
-541
31
-504
-201
-796
-156
655
-212
-838
35
-672
-407
-808
-589
197
118
-182
408
308
-361
-299
509
-631
-510
-400
-516
325
-661
281
665
883
-486
661
-225
755
430
72
-782
-59
-308
77
-924
-701
383
-781
387
-53
739
-524
-113
728
173
-270
9
-996
850
928
-937
332
344
-437
261
-856
-599
-812
-459
-587
-797
42
-809
-599
525
-184
371
-381
837
-823
-973
-236
132
851
318
174
-638
471
-721
631
-362
-748
52
330
118
-270
-638
-118
877
114
-922
-428
458
-481
247
-672
69
944
-361
-29
252
-290
-777
197
508
-627
-790
-166
-101
-424
-574
766
978
-147
-985
482
217
610
326
-434
202
979
134
274
-345
858
-891
253
679
649
-271
793
347
534
867
-799
79
404
-266
95
-820
-614
-170
534
-277
-14
-509
137
340
624
-92
327
548
636
920
836
-387
-337
199
469
-377
438
-888
-201
-348
-586
-708
-132
-814
12
439
-333
-807
-833
287
-13
-12
-235
-388
-28
-356
-481
-464
-407
-16
-895
176
-498
-127
82
752
-405
-502
476
-867
786
-99
-879
-284
891
999
-806
752
472
-618
-435
209
-985
609
155
-681
-107
-587
946
-963
537
-575
-922
755
212
743
-201
372
707
-637
15
999
510
791
202
-416
-783
181
-766
-250
148
-298
-345
-128
-968
119
439
-1000
417
-733
-833
-959
107
-437
78
-155
938
-589
-974
839
-318
422
-702
-472
895
-311
663
-331
-206
-115
-888
365
441
-882
561
-705
-390
-120
-530
-270
988
970
-887
-113
-719
-477
30
-327
-348
632
136
-355
-197
663
-86
-316
-439
-650
988
5
-29
-347
751
-329
268
530
975
709
112
43
-60
-710
345
-579
821
859
-734
-85
186
964
341
-997
-357
954
-637
-309
27
-576
-320
689
667
709
167
479
-388
-197
-510
197
-651
883
638
-591
669
-685
-386
305
-779
-183
-97
553
-651
985
-525
48
833
530
397
981
56
127
-441
767
-871
-838
-797
178
-525
699
-419
-51
-473
574
89
-224
732
-254
846
-726
655
-739
382
-255
516
-467
513
539
141
921
-291
217
774
-58
-92
-188
-773
774
10
511
-729
-277
562
-932
-598
-630
-588
426
789
-54
-308
-676
-203
443
-654
597
810
-29
290
-720
659
595
568
-708
664
121
-342
-316
420
-113
-111
28
701
-528
-716
-921
769
-709
211
-442
126
-528
366
875
493
-793
-832
315
-516
-960
-213
882
-728
869
913
-335
-652
395
636
98
-888
-329
315
668
-344
318
441
-974
447
613
539
805
665
567
598
986
170
-715
-485
38
-82
887
897
950
-850
913
365
-836
-900
-79
95
-893
-853
852
-692
307
317
456
-700
16
362
684
752
349
459
-44
426
-834
-896
153
-920
-453
980
-835
-74
608
475
-516
799
849
-284
-850
680
-309
-303
-199
-663
598
816
323
-968
726
70
-796
548
769
967
-694
268
-517
-844
919
-342
173
33
-763
-81
-972
34
-918
187
21
897
-26
713
-914
-337
-791
373
-184
-187
994
-933
633
357
-686
670
885
-174
-658
1
-843
520
-45
629
-384
362
916
432
-939
582
608
486
-709
-265
687
-185
-145
871
250
21
525
159
714
975
-22
-356
-856
831
-706
-16
740
-547
-785
546
-847
958
856
594
958
-595
872
382
912
899
503
426
-678
486
-172
975
-209
908
601
-749
462
-502
640
400
11
-627
239
-28
-849
-940
814
-491
502
-984
-662
782
-378
969
-734
-453
-97
135
846
29
-66
-518
127
906
507
446
961
228
131
638
-387
-940
240
683
-468
435
-173
890
438
565
-940
-552
344
834
160
-182
-636
-958
-270
37
-205
805
908
-602
-283
-564
-188
208
-648
215
556
304
807
-500
-727
-850
106
-95
-683
770
411
-42
608
-143
-519
-286
17
99
-251
616
331
-623
378
-107
-149
400
857
-519
-435
21
850
-592
-194
20
512
236
-340
425
-389
-575
57
-510
